Generated samples/bass_Africa.wav Signature
[0.830393487109905, 0.824396782841823, 0.7866847826086957, 0.8175675675675675, 0.8125, 0.8140161725067385, 0.8326585695006747, 0.8274456521739131, 0.84375, 0.813858695652174, 0.8442953020134228, 0.8315217391304348, 0.8206521739130435, 0.8445040214477212, 0.8213802435723951, 0.8396739130434783, 0.8233695652173914, 0.8328804347826086, 0.8027027027027027, 0.8247282608695652, 0.8326585695006747, 0.8211382113821138, 0.8274456521739131, 0.8206521739130435, 0.8322056833558863, 0.8165760869565217, 0.8125, 0.8186738836265224, 0.8210947930574098, 0.8328804347826086]
Its probably Africa.wav
Result should be: Africa

Generated samples/br_noise_01_Africa.wav Signature
[0.8677839851024208, 0.8757009345794392, 0.7663551401869159, 0.8691588785046729, 0.8785046728971962, 0.8654205607476636, 0.8776844070961718, 0.8644859813084113, 0.888785046728972, 0.8794392523364486, 0.8834862385321101, 0.8841121495327103, 0.8626168224299066, 0.8766355140186916, 0.8579439252336448, 0.8794392523364486, 0.8738317757009346, 0.8691588785046729, 0.8644859813084113, 0.8832866479925303, 0.8719851576994434, 0.8841121495327103, 0.8822429906542056, 0.874766355140187, 0.8700934579439252, 0.8607476635514019, 0.8700934579439252, 0.883177570093458, 0.8738317757009346, 0.8635514018691589]
Its probably Africa.wav
Result should be: Africa

Generated samples/br_noise_06_Africa.wav Signature
[0.9350460494425594, 0.9164926931106472, 0.908320084790673, 0.9159877800407332, 0.9071125265392781, 0.9121756487025948, 0.9168326693227091, 0.9134466769706336, 0.9251592356687898, 0.9102972399150743, 0.9251592356687898, 0.9193205944798302, 0.9166237776634071, 0.9113588110403397, 0.9232637202525498, 0.9272823779193206, 0.9040296924708378, 0.9118895966029724, 0.9158542842483325, 0.9235732009925558, 0.9247743229689067, 0.9198513800424628, 0.9145435244161358, 0.9233432245301681, 0.9278131634819533, 0.9195344129554656, 0.9071125265392781, 0.9277400581959263, 0.9235668789808917, 0.9114954221770092]
Its probably Os Maridos Das Outras.wav
Result should be: Africa

Generated samples/clip_Africa.wav Signature
[0.8675298804780877, 0.8744979919678715, 0.7339357429718876, 0.8709349593495935, 0.8740079365079365, 0.8651348651348651, 0.8774900398406374, 0.8791208791208791, 0.8871951219512195, 0.8762575452716298, 0.8822947576656776, 0.8790650406504065, 0.8729674796747967, 0.8810975609756098, 0.8536102868447082, 0.8739837398373984, 0.8696088264794383, 0.875, 0.8668668668668669, 0.8790650406504065, 0.8696517412935323, 0.8841463414634146, 0.8755020080321285, 0.8741258741258742, 0.868, 0.8552631578947368, 0.8780487804878049, 0.8886699507389163, 0.8739837398373984, 0.864]
Its probably Africa.wav
Result should be: Africa

Generated samples/freq_Africa.wav Signature
[0.8864592094196804, 0.8853989813242784, 0.8862478777589134, 0.8786078098471987, 0.8837011884550084, 0.8870967741935484, 0.8811544991511036, 0.8862478777589134, 0.8930390492359932, 0.8922558922558923, 0.897822445561139, 0.8955857385398981, 0.8853989813242784, 0.8982338099243061, 0.8896434634974533, 0.8904923599320883, 0.8921901528013583, 0.8820033955857386, 0.8794567062818336, 0.8930976430976431, 0.8947368421052632, 0.8998302207130731, 0.8803056027164686, 0.8872881355932203, 0.893491124260355, 0.8828522920203735, 0.8845500848896435, 0.8887945670628183, 0.8887945670628183, 0.8921901528013583]
Its probably All Star.wav
Result should be: Africa

Generated samples/samp_Africa.wav Signature
[0.8619979402677652, 0.8690721649484536, 0.6998972250770812, 0.8587628865979381, 0.8711340206185567, 0.8613963039014374, 0.8661899897854954, 0.8701030927835052, 0.8793814432989691, 0.8711340206185567, 0.8762886597938144, 0.8776978417266187, 0.865979381443299, 0.869475847893114, 0.8452982810920121, 0.8742268041237113, 0.8639175257731959, 0.8680412371134021, 0.8571428571428571, 0.8721649484536083, 0.8608247422680413, 0.8783505154639175, 0.8649484536082475, 0.8687690742624619, 0.8575819672131147, 0.8536082474226804, 0.8680412371134021, 0.8731958762886598, 0.8670103092783505, 0.858908341915551]
Its probably Africa.wav
Result should be: Africa

Generated samples/saw_Africa.wav Signature
[0.9123850730124392, 0.9117965367965368, 0.8998917748917749, 0.9188311688311688, 0.9182900432900433, 0.9117965367965368, 0.91504329004329, 0.9199134199134199, 0.9112554112554112, 0.9188311688311688, 0.9182900432900433, 0.9166218396987628, 0.9204545454545454, 0.922077922077922, 0.9112554112554112, 0.922077922077922, 0.9155844155844156, 0.920995670995671, 0.9188311688311688, 0.9247835497835498, 0.9145021645021645, 0.9307359307359307, 0.9242424242424242, 0.9188311688311688, 0.9134199134199135, 0.9107142857142857, 0.9264069264069265, 0.9134199134199135, 0.9172077922077922, 0.913961038961039]
Its probably Africa.wav
Result should be: Africa

Generated samples/treb_Africa.wav Signature
[0.8796583850931677, 0.8893219017926735, 0.7654901960784314, 0.8901960784313725, 0.8870588235294118, 0.8815276695245519, 0.8934362934362934, 0.8949019607843137, 0.8982266769468004, 0.8949019607843137, 0.8946963873943121, 0.8924395946999221, 0.8894117647058823, 0.8878431372549019, 0.8682352941176471, 0.8964705882352941, 0.8792156862745099, 0.8834355828220859, 0.8776470588235294, 0.8972549019607843, 0.8842268842268842, 0.899607843137255, 0.8941176470588236, 0.8917647058823529, 0.883921568627451, 0.8698039215686274, 0.8941176470588236, 0.8998459167950693, 0.8909803921568628, 0.874414976599064]
Its probably Africa.wav
Result should be: Africa

Generated samples/wh_noise_01_Africa.wav Signature
[0.8698167791706847, 0.872444011684518, 0.7215189873417721, 0.8734177215189873, 0.8753623188405797, 0.8656280428432327, 0.8735632183908046, 0.875365141187926, 0.8860759493670886, 0.878286270691334, 0.878286270691334, 0.8792599805258033, 0.8675754625121713, 0.872444011684518, 0.8542471042471043, 0.8734177215189873, 0.8723404255319149, 0.8636806231742941, 0.8620019436345967, 0.8831548198636806, 0.8657004830917875, 0.8831548198636806, 0.8743914313534566, 0.8709055876685935, 0.8638996138996139, 0.857838364167478, 0.866601752677702, 0.8815663801337154, 0.8704965920155794, 0.8588120740019474]
Its probably Africa.wav
Result should be: Africa
