Generated samples/bass_Africa.wav Signature
[0.8772609819121447, 0.8688311688311688, 0.8103896103896104, 0.8428571428571429, 0.8454545454545455, 0.8350649350649351, 0.8909090909090909, 0.8662337662337662, 0.8961038961038961, 0.8753246753246753, 0.8974025974025974, 0.8675324675324675, 0.8480519480519481, 0.9025974025974026, 0.8688946015424165, 0.9051948051948052, 0.8896103896103896, 0.8753246753246753, 0.8220779220779221, 0.8735632183908046, 0.9025974025974026, 0.8766233766233766, 0.8558441558441559, 0.8639896373056994, 0.8974025974025974, 0.8376623376623377, 0.8467532467532467, 0.8649350649350649, 0.8727272727272727, 0.8935064935064935]
Its probably Africa.wav
Result should be: Africa

Generated samples/br_noise_01_Africa.wav Signature
[0.9138959931798807, 0.9209833187006146, 0.6883230904302019, 0.9069359086918349, 0.9315188762071993, 0.9078138718173837, 0.931304347826087, 0.922739244951712, 0.9367866549604916, 0.9350307287093942, 0.9332748024582967, 0.9335664335664335, 0.8955223880597015, 0.9297629499561019, 0.8903508771929824, 0.9385425812115891, 0.9122036874451273, 0.9157155399473222, 0.8964003511852502, 0.935908691834943, 0.9165935030728709, 0.9385425812115891, 0.9297629499561019, 0.9247219846022241, 0.9122036874451273, 0.9078138718173837, 0.9148375768217735, 0.9255411255411256, 0.9236172080772608, 0.8990342405618964]
Its probably Africa.wav
Result should be: Africa

Generated samples/br_noise_06_Africa.wav Signature
[0.954245490541135, 0.9335647000495786, 0.9311905839746492, 0.9345488546049556, 0.9404883011190234, 0.9340765874939408, 0.9350708733424783, 0.9326829268292683, 0.9407075236671649, 0.9367844698855152, 0.9491353001017294, 0.9355275022542832, 0.9368884540117417, 0.9460834181078331, 0.9342514438027544, 0.9542217700915565, 0.9304865938430983, 0.9210878288007134, 0.9311992355470616, 0.9414746543778801, 0.9447565543071161, 0.9440488301119023, 0.9426627793974732, 0.945054945054945, 0.9558823529411765, 0.9355755566082425, 0.940996948118006, 0.9425690486628672, 0.9512972234865726, 0.9300134589502019]
Its probably Radioactive.wav
Result should be: Africa

Generated samples/clip_Africa.wav Signature
[0.9079925650557621, 0.9193548387096774, 0.6318840579710145, 0.9119025304592315, 0.9170638703527169, 0.9042553191489362, 0.9284332688588007, 0.9199614271938283, 0.9313346228239845, 0.9294003868471954, 0.9255813953488372, 0.9213483146067416, 0.9235976789168279, 0.9168278529980658, 0.8925233644859814, 0.927063339731286, 0.9148936170212766, 0.9061895551257253, 0.9093539054966249, 0.9303675048355899, 0.9130841121495327, 0.9303675048355899, 0.9187620889748549, 0.9251637043966323, 0.9125, 0.8878143133462283, 0.9081237911025145, 0.9284332688588007, 0.9226305609284333, 0.8962264150943396]
Its probably Africa.wav
Result should be: Africa

Generated samples/freq_Africa.wav Signature
[0.9381283836040216, 0.9273875295974744, 0.9400157853196527, 0.9171270718232044, 0.9265982636148382, 0.9329123914759274, 0.9234411996842936, 0.9281767955801105, 0.9408050513022889, 0.9312741312741313, 0.9353348729792148, 0.9376479873717443, 0.9313338595106551, 0.9423835832675612, 0.9408050513022889, 0.9423835832675612, 0.9439621152328335, 0.9392265193370166, 0.914759273875296, 0.9423835832675612, 0.9455406471981057, 0.941594317284925, 0.936069455406472, 0.9344909234411997, 0.9423835832675612, 0.9250197316495659, 0.9226519337016574, 0.9400157853196527, 0.9329123914759274, 0.9342105263157895]
Its probably Rise of the Broken.wav
Result should be: Africa

Generated samples/samp_Africa.wav Signature
[0.9011194029850746, 0.9108527131782945, 0.5944609297725024, 0.9119617224880383, 0.9194174757281554, 0.8991097922848664, 0.9228486646884273, 0.9277942631058358, 0.9277942631058358, 0.9248269040553907, 0.9255014326647565, 0.916988416988417, 0.9090009891196835, 0.9169139465875371, 0.8770413064361191, 0.9258160237388724, 0.9050445103857567, 0.9050445103857567, 0.9027237354085603, 0.9268051434223541, 0.9083011583011583, 0.9248269040553907, 0.9159248269040554, 0.9210779595765158, 0.9109792284866469, 0.897131552917903, 0.8981206726013847, 0.9248269040553907, 0.9148727984344422, 0.8951533135509396]
Its probably Africa.wav
Result should be: Africa

Generated samples/saw_Africa.wav Signature
[0.9330400782013685, 0.9144672531769306, 0.9066471163245357, 0.9247311827956989, 0.9413489736070382, 0.9252199413489736, 0.9257449926722032, 0.9429400386847195, 0.9217986314760508, 0.9433040078201369, 0.9303675048355899, 0.9416023166023166, 0.9525904203323559, 0.929130009775171, 0.9130009775171065, 0.9325513196480938, 0.9374389051808406, 0.9379276637341154, 0.9335288367546432, 0.944770283479961, 0.9159335288367546, 0.9643206256109482, 0.9418377321603129, 0.927663734115347, 0.946236559139785, 0.929130009775171, 0.9604105571847508, 0.9349951124144672, 0.9305962854349951, 0.9315533980582524]
Its probably Africa.wav
Result should be: Africa

Generated samples/treb_Africa.wav Signature
[0.9213881019830028, 0.93519882179676, 0.7070631970260223, 0.934876989869754, 0.9375459221160911, 0.9204460966542751, 0.9464684014869889, 0.945724907063197, 0.945724907063197, 0.945724907063197, 0.9449814126394052, 0.9380403458213257, 0.9360594795539033, 0.9345724907063196, 0.9155234657039711, 0.945724907063197, 0.9315985130111524, 0.9308550185873606, 0.9223443223443224, 0.9461426491994177, 0.9292557111274871, 0.9449814126394052, 0.9390334572490706, 0.9386548410938654, 0.9382899628252788, 0.9174721189591079, 0.929368029739777, 0.9449814126394052, 0.9397769516728625, 0.912267657992565]
Its probably Africa.wav
Result should be: Africa

Generated samples/wh_noise_01_Africa.wav Signature
[0.8994708994708994, 0.9121996303142329, 0.6072761194029851, 0.9121376811594203, 0.9235023041474655, 0.8964552238805971, 0.9290780141843972, 0.9228624535315985, 0.9309701492537313, 0.9309701492537313, 0.9291044776119403, 0.915238954012624, 0.9039179104477612, 0.9197761194029851, 0.8900999091734787, 0.9300373134328358, 0.9085820895522388, 0.9039179104477612, 0.8993595608417201, 0.9319029850746269, 0.915129151291513, 0.9309701492537313, 0.9221501390176089, 0.9224598930481284, 0.9057835820895522, 0.8899253731343284, 0.9057835820895522, 0.9309701492537313, 0.9244402985074627, 0.8948811700182815]
Its probably Africa.wav
Result should be: Africa
