Generated samples/bass_Africa.wav Signature
[0.8910761154855643, 0.8825857519788918, 0.8232189973614775, 0.8562005277044855, 0.8588390501319261, 0.8482849604221636, 0.9050131926121372, 0.8799472295514512, 0.9102902374670184, 0.8891820580474934, 0.9116094986807388, 0.8812664907651715, 0.8614775725593667, 0.91688654353562, 0.8825065274151436, 0.9195250659630607, 0.9036939313984169, 0.8891820580474934, 0.8350923482849604, 0.8871595330739299, 0.91688654353562, 0.8905013192612137, 0.8693931398416886, 0.8776315789473684, 0.9116094986807388, 0.8509234828496042, 0.8601583113456465, 0.8773087071240105, 0.8865435356200527, 0.9076517150395779]
Its probably Africa.wav
Result should be: Africa

Generated samples/br_noise_01_Africa.wav Signature
[0.9233419465977606, 0.9307897071872228, 0.6956521739130435, 0.9165927240461402, 0.9414374445430346, 0.9174800354924578, 0.9411247803163445, 0.9325643300798581, 0.9467613132209406, 0.9449866903283053, 0.9432120674356699, 0.9434628975265018, 0.9050576752440106, 0.9396628216503993, 0.899822695035461, 0.9485359361135759, 0.9219165927240461, 0.9254658385093167, 0.9059449866903283, 0.9458740017746229, 0.9263531499556344, 0.9485359361135759, 0.9396628216503993, 0.9343128781331028, 0.9219165927240461, 0.9174800354924578, 0.9245785270629991, 0.9352580927384077, 0.9334516415261757, 0.9086069210292813]
Its probably Africa.wav
Result should be: Africa

Generated samples/br_noise_06_Africa.wav Signature
[0.9593100398053959, 0.9396508728179551, 0.9362567811934901, 0.9398213446168312, 0.9462640736949847, 0.9395416869819601, 0.9402298850574713, 0.9376510391493476, 0.9463659147869674, 0.9424136204306459, 0.95496417604913, 0.9406165004533091, 0.9424212598425197, 0.9513647642679901, 0.9392585975882091, 0.9600818833162743, 0.936063936063936, 0.9260421335723891, 0.9365689572321, 0.9467099165894347, 0.9496470588235294, 0.9498464687819856, 0.9481915933528837, 0.9502762430939227, 0.9617346938775511, 0.940924249642687, 0.946775844421699, 0.9475539885412075, 0.9565217391304348, 0.9350473612990527]
Its probably Radioactive.wav
Result should be: Africa

Generated samples/clip_Africa.wav Signature
[0.918233082706767, 0.9299424184261037, 0.6392961876832844, 0.9222748815165877, 0.9276759884281581, 0.9148727984344422, 0.9393346379647749, 0.9307317073170732, 0.9412915851272016, 0.9403131115459883, 0.9360301034807149, 0.9318181818181818, 0.9344422700587084, 0.9275929549902152, 0.9026465028355387, 0.9378640776699029, 0.9256360078277887, 0.9168297455968689, 0.92, 0.9412915851272016, 0.9234404536862004, 0.9412915851272016, 0.9295499021526419, 0.935666982024598, 0.9231517509727627, 0.898238747553816, 0.9187866927592955, 0.9393346379647749, 0.9334637964774951, 0.9064885496183206]
Its probably Africa.wav
Result should be: Africa

Generated samples/freq_Africa.wav Signature
[0.9469164715066355, 0.9362549800796812, 0.949003984063745, 0.9258964143426295, 0.9362549800796812, 0.9418326693227091, 0.9322709163346613, 0.9370517928286852, 0.949800796812749, 0.9399844115354637, 0.9440559440559441, 0.9466135458167331, 0.9402390438247012, 0.951394422310757, 0.949800796812749, 0.951394422310757, 0.9529880478087649, 0.949800796812749, 0.9235059760956176, 0.951394422310757, 0.9545816733067729, 0.950597609561753, 0.9450199203187251, 0.9434262948207172, 0.951394422310757, 0.9338645418326693, 0.9314741035856574, 0.949800796812749, 0.9418326693227091, 0.94296875]
Its probably Rise of the Broken.wav
Result should be: Africa

Generated samples/samp_Africa.wav Signature
[0.9113207547169812, 0.9215686274509803, 0.6016016016016016, 0.9225556631171346, 0.9302554027504911, 0.9099099099099099, 0.933933933933934, 0.938938938938939, 0.938938938938939, 0.9359359359359359, 0.936231884057971, 0.927734375, 0.91991991991992, 0.9279279279279279, 0.8872691933916423, 0.9369369369369369, 0.9159159159159159, 0.9159159159159159, 0.9133858267716536, 0.9379379379379379, 0.9189453125, 0.9359359359359359, 0.9269269269269269, 0.9318403115871471, 0.9219219219219219, 0.9079079079079079, 0.908908908908909, 0.9359359359359359, 0.9257425742574258, 0.9059059059059059]
Its probably Africa.wav
Result should be: Africa

Generated samples/saw_Africa.wav Signature
[0.9390363815142576, 0.9198623402163225, 0.9119960668633235, 0.9301868239921337, 0.9469026548672567, 0.9306784660766961, 0.9312039312039312, 0.9489299610894941, 0.9272369714847591, 0.9488692232055064, 0.9357976653696498, 0.9473942969518191, 0.9582104228121927, 0.9351032448377581, 0.9183874139626352, 0.9380530973451328, 0.9429695181907571, 0.9434611602753196, 0.9390363815142576, 0.9503441494591937, 0.9213372664700098, 0.9700098328416913, 0.9473942969518191, 0.9331366764995084, 0.9513274336283186, 0.9346116027531957, 0.9660766961651918, 0.9405113077679449, 0.9360865290068829, 0.93701171875]
Its probably Africa.wav
Result should be: Africa

Generated samples/treb_Africa.wav Signature
[0.9292857142857143, 0.9435364041604755, 0.7134283570892723, 0.9430656934306569, 0.9458858413639734, 0.9287321830457614, 0.9549887471867967, 0.95423855963991, 0.95423855963991, 0.95423855963991, 0.9531914893617022, 0.9462209302325582, 0.9444861215303826, 0.9429857464366092, 0.9235251274581209, 0.95423855963991, 0.9399849962490623, 0.9392348087021756, 0.9305247597930525, 0.9544787077826725, 0.937546468401487, 0.9534883720930233, 0.9474868717179294, 0.947054436987323, 0.9467366841710427, 0.9257314328582146, 0.9377344336084021, 0.9534883720930233, 0.9482370592648162, 0.9204801200300075]
Its probably Africa.wav
Result should be: Africa

Generated samples/wh_noise_01_Africa.wav Signature
[0.9090909090909091, 0.922365988909427, 0.6141509433962264, 0.9221611721611722, 0.9338303821062441, 0.9066037735849056, 0.9390681003584229, 0.9332706766917294, 0.9415094339622642, 0.9415094339622642, 0.939622641509434, 0.9252506836827712, 0.9141509433962264, 0.930188679245283, 0.8999081726354453, 0.940566037735849, 0.9188679245283019, 0.9141509433962264, 0.9093432007400555, 0.9424528301886792, 0.9253731343283582, 0.9415094339622642, 0.9325210871602624, 0.9324324324324325, 0.9160377358490566, 0.9, 0.9160377358490566, 0.9415094339622642, 0.9349056603773584, 0.9048059149722736]
Its probably Africa.wav
Result should be: Africa
